Audiofile	Speaker_Number	Speaker_Side	Dyad	Total.Words	Total.Variable.Contexts	Total.Overt.Disfluencies	Total.Seconds.Silence	Particle.Placement	Dative.Alternation	Genitive.Alternation	Comparatives	That.v.zero.Complements	Infinitive.v.Gerund.Complements	That.v.Gerund	Future.Reference	Deontic.Modality	Stative.Possession	Restricted.Relativizers	Not.v.No.Negation	Contraction	Indefinite.Pronouns	Coordinated.Pronouns	Quotatives	try+to.v.and.-ing	tried+to.v.ing	Unrestrictive.Relativizers	Plural.Existentials
2001	1044	B	FEMALE+FEMALE	452	20	6	41.612	1	0	4	0	5	0	0	0	3	0	0	1	3	3	0	0	0	0	0	0
2009	1055	A	FEMALE+FEMALE	559	25	4	66.49975	3	0	10	0	1	3	0	2	0	1	2	0	2	0	1	0	0	0	0	0
2009	1126	B	FEMALE+FEMALE	597	26	6	66.49975	1	1	13	0	3	0	0	1	2	4	0	0	1	0	0	0	0	0	0	0
2014	1053	B	FEMALE+FEMALE	517	40	4	53.6075625	0	2	5	1	16	0	0	4	0	2	1	2	1	3	0	3	0	0	0	0
2018	1044	B	FEMALE+FEMALE	891	55	31	168.92125	1	2	16	0	14	1	1	2	4	5	4	1	2	0	0	1	0	0	0	1
2022	1138	A	FEMALE+FEMALE	732	40	47	165.803625	6	0	13	0	2	1	0	3	1	5	8	0	0	0	0	1	0	0	0	0
2023	1033	A	FEMALE+FEMALE	1112	59	52	144.816	10	0	13	0	10	1	1	5	3	8	1	1	1	0	0	4	1	0	0	0
2023	1135	B	FEMALE+FEMALE	876	24	37	144.816	1	0	2	0	9	0	0	0	4	1	2	1	1	0	0	2	1	0	0	0
2027	1096	B	FEMALE+FEMALE	1116	33	48	30.52	2	0	4	0	7	0	1	8	0	0	0	1	2	3	0	1	4	0	0	0
2045	1033	A	FEMALE+FEMALE	880	36	43	131.008	6	2	10	0	4	0	0	5	1	0	1	0	2	1	0	1	0	0	3	0
2045	1055	B	FEMALE+FEMALE	442	19	8	131.008	0	0	2	0	0	3	0	4	1	2	2	0	3	0	0	0	0	0	2	0
2053	1135	B	FEMALE+FEMALE	642	27	46	168.964	3	0	5	0	2	0	0	1	0	6	1	1	2	0	0	3	0	0	1	2
2056	1011	B	FEMALE+FEMALE	426	30	5	131.728	0	0	3	0	4	1	0	0	3	8	2	1	4	2	0	0	0	0	2	0
2056	1033	A	FEMALE+FEMALE	748	48	41	131.728	1	1	17	0	3	0	0	1	1	4	3	3	4	3	0	1	0	0	5	1
2062	1096	B	FEMALE+MALE	1378	74	115	57.44	2	0	11	0	12	1	1	12	5	7	10	1	4	1	0	2	0	0	3	2
2082	1055	A	FEMALE+FEMALE	510	26	9	181.1201875	2	0	3	0	6	0	0	3	2	4	1	1	1	2	0	0	0	0	1	0
2083	1018	B	FEMALE+MALE	858	40	12	85.27	0	1	8	0	7	1	2	0	2	1	7	3	4	0	0	0	0	0	1	3
2102	1138	A	FEMALE+MALE	1057	58	62	100.984	3	0	15	0	12	1	0	4	1	6	6	0	6	1	0	0	1	0	2	0
2107	1053	A	FEMALE+FEMALE	1099	72	22	45.2785	2	0	20	0	13	1	0	3	1	6	5	6	5	4	0	3	0	0	2	1
2107	1135	B	FEMALE+FEMALE	1044	60	72	45.2785	2	0	15	0	4	2	0	5	3	11	2	1	4	1	1	6	1	0	2	0
2111	1055	A	FEMALE+FEMALE	679	44	36	98.476	7	0	6	1	6	0	0	1	2	4	2	5	3	2	0	0	0	0	2	3
2111	1106	B	FEMALE+FEMALE	1206	72	84	98.476	4	0	15	0	12	3	0	4	5	6	7	2	1	2	0	3	0	0	8	0
2123	1044	B	FEMALE+MALE	204	10	3	77.548	0	0	2	2	1	2	0	0	0	1	0	0	1	0	0	0	0	0	1	0
2131	1126	B	FEMALE+MALE	1114	50	134	134.33	0	1	14	0	13	0	1	1	0	6	0	1	8	1	0	0	0	0	4	0
2139	1018	A	FEMALE+MALE	930	61	36	196.544	8	0	10	0	7	1	1	5	8	4	5	0	3	1	0	5	0	0	1	2
2149	1106	B	FEMALE+MALE	972	45	69	105.058	5	0	5	0	18	0	0	2	0	4	2	0	5	0	0	0	0	0	4	0
2151	1126	B	FEMALE+MALE	263	9	27	36.708	0	0	1	0	2	0	0	0	1	0	0	1	2	0	0	0	0	0	2	0
2155	1138	B	FEMALE+FEMALE	1439	100	110	126.89475	1	0	22	0	9	0	0	7	2	19	9	3	3	7	0	0	0	0	17	1
2166	1011	B	FEMALE+MALE	879	48	13	293.476625	2	2	12	0	6	0	0	3	0	6	8	0	4	1	0	0	0	0	2	2
2167	1033	B	FEMALE+FEMALE	983	36	86	335.46025	1	6	7	0	5	0	0	5	0	6	2	0	1	1	0	0	0	0	2	0
2171	1055	B	FEMALE+MALE	1020	62	78	221.368	5	4	12	0	7	1	0	3	1	2	6	0	1	9	1	2	1	0	6	1
2173	1018	A	FEMALE+FEMALE	1478	64	18	125.284	1	0	8	0	10	0	0	13	3	3	6	1	4	3	0	10	0	0	1	1
2189	1033	B	FEMALE+MALE	364	11	18	172.144	0	0	0	0	2	0	0	0	0	1	1	1	5	0	0	1	0	0	0	0
2193	1106	A	FEMALE+MALE	1106	53	14	380.1590625	0	2	7	0	18	0	0	2	3	6	1	1	2	3	0	3	0	0	5	0
2199	1138	B	FEMALE+MALE	1313	71	6	251.305125	8	0	15	1	1	1	0	13	12	7	3	2	3	3	0	0	0	0	0	2
2226	1106	B	FEMALE+FEMALE	885	37	73	139.466125	0	0	9	0	8	0	0	1	2	10	2	2	1	0	0	0	0	0	2	0
2227	1401	B	FEMALE+MALE	423	5	18	48.336	0	0	0	0	2	0	0	0	0	1	0	0	1	0	0	1	0	0	0	0
2231	1138	B	FEMALE+FEMALE	1036	59	58	118.022	2	2	8	0	15	1	0	4	2	3	5	0	4	4	0	0	0	0	9	0
2238	1096	B	FEMALE+FEMALE	1413	59	17	27.6	3	0	15	1	16	0	0	2	1	1	2	1	4	4	0	0	1	0	6	2
2245	1126	B	FEMALE+MALE	909	40	11	61.484	0	0	11	0	6	0	0	3	0	5	2	0	3	7	0	2	0	0	1	0
2249	1135	B	FEMALE+FEMALE	708	50	81	100.17	6	0	12	0	9	2	1	4	1	6	5	0	1	2	0	0	0	0	0	1
2251	1401	A	FEMALE+MALE	402	12	8	164.938	0	0	0	0	2	1	0	0	0	1	2	0	1	0	0	0	0	0	3	2
2259	1055	A	FEMALE+MALE	298	18	34	206.930125	1	0	3	0	4	0	0	0	0	3	2	3	1	0	0	0	0	0	1	0
2264	1096	A	FEMALE+FEMALE	723	42	49	46.926	6	1	5	0	7	2	0	3	2	5	1	2	0	2	0	3	0	0	2	1
2267	1126	B	FEMALE+FEMALE	1136	53	29	58.096	1	0	12	0	8	0	0	8	0	4	2	5	5	4	0	2	0	0	1	1
2277	1033	A	FEMALE+FEMALE	715	46	30	152.3953125	0	1	10	0	6	0	0	3	3	6	4	0	6	1	0	1	0	0	3	2
2286	1178	B	FEMALE+MALE	666	32	18	216.772	0	0	13	0	2	0	0	0	0	7	2	2	3	0	0	0	0	0	2	1
2287	1135	B	FEMALE+FEMALE	1030	42	139	193.108	0	0	2	0	8	0	0	12	2	2	0	2	4	4	0	4	0	1	1	0
2290	1053	B	FEMALE+MALE	861	41	63	198.224	2	0	11	0	4	0	0	2	1	1	3	4	3	2	0	2	1	0	4	1
2314	1055	A	FEMALE+FEMALE	742	58	61	151.262	0	0	13	0	10	0	0	2	2	8	4	0	3	6	0	1	0	0	9	0
2318	1178	B	FEMALE+FEMALE	697	48	15	129.942	0	0	6	0	13	0	0	3	1	4	2	1	0	4	0	0	0	0	12	2
2320	1033	B	FEMALE+MALE	1016	53	52	180.04	6	1	14	0	6	0	0	3	2	10	3	0	4	0	1	1	0	0	2	0
2329	1126	B	FEMALE+MALE	886	38	25	182.6999375	0	0	5	0	2	0	0	0	5	8	4	6	2	1	0	1	0	0	4	0
2338	1033	A	FEMALE+MALE	776	49	29	194.94	1	1	9	0	17	0	0	4	1	3	1	1	2	2	0	1	0	0	5	1
2340	1106	B	FEMALE+MALE	941	64	53	108.39	7	0	15	0	15	2	0	7	0	1	1	1	8	2	0	3	1	0	1	0
2343	1178	B	FEMALE+MALE	1022	40	28	259.246	0	0	13	0	3	0	0	0	0	8	2	0	8	1	0	1	0	2	2	0
2344	1055	B	FEMALE+MALE	819	56	60	271.374	2	0	9	0	12	0	0	4	2	4	10	2	5	1	1	0	0	0	3	1
2350	1126	B	FEMALE+FEMALE	924	38	58	187.906	3	0	11	0	5	1	0	1	0	10	0	2	1	1	0	1	0	0	1	1
2356	1033	A	FEMALE+FEMALE	801	35	37	128.4573125	2	0	9	0	7	1	0	1	1	5	3	3	1	0	0	0	0	0	2	0
2370	1138	A	FEMALE+MALE	1697	116	103	124.6353125	4	0	32	1	19	0	0	15	13	1	8	3	3	4	0	4	0	0	7	2
2371	1106	B	FEMALE+MALE	719	25	13	160.2233125	1	1	5	0	7	1	0	0	0	1	2	0	7	0	0	0	0	0	0	0
2372	1055	A	FEMALE+FEMALE	1064	53	47	172.85	2	1	20	0	4	0	0	1	4	10	1	0	2	2	1	2	0	0	2	1
2372	1135	B	FEMALE+FEMALE	910	29	88	172.85	1	0	3	1	2	0	0	1	1	4	11	0	1	0	0	1	0	0	2	1
2377	1096	B	FEMALE+MALE	1336	104	7	57.86	1	2	9	0	20	2	0	34	7	2	5	6	6	0	0	7	0	1	2	0
2390	1126	B	FEMALE+FEMALE	890	40	42	51.128	1	1	7	0	10	1	0	1	2	6	1	3	2	1	0	0	1	0	2	1
2392	1033	A	FEMALE+MALE	907	57	42	69.426	5	0	15	0	9	1	2	4	0	5	5	1	4	0	0	2	1	2	1	0
2395	1055	A	FEMALE+MALE	944	45	47	99.187625	0	0	14	0	5	1	0	2	0	6	9	1	0	2	0	0	0	0	3	2
2396	1138	A	FEMALE+FEMALE	1494	70	9	111.731625	2	0	30	0	9	0	0	8	0	9	3	0	4	1	0	3	0	0	1	0
2396	1178	B	FEMALE+FEMALE	661	31	17	111.731625	2	0	8	0	3	0	0	6	1	5	0	2	0	0	0	0	0	0	4	0
2405	1096	A	FEMALE+FEMALE	1679	83	31	36.955625	9	0	20	0	9	1	0	5	3	12	5	0	2	3	0	8	1	0	4	1
2409	1106	A	FEMALE+MALE	635	50	6	120.358	8	0	9	0	3	2	0	4	1	7	1	0	9	0	0	2	2	0	2	0
2410	1126	B	FEMALE+FEMALE	521	28	16	56.32	2	0	4	0	4	0	0	2	3	2	0	2	6	3	0	0	0	0	0	0
2411	1033	B	FEMALE+MALE	1085	55	51	125.726	3	0	20	0	10	1	0	2	1	5	4	1	1	2	0	2	1	0	1	1
2420	1055	A	FEMALE+FEMALE	695	42	17	115.575625	0	0	12	0	8	0	0	3	0	9	3	1	2	0	0	0	0	0	2	2
2434	1033	B	FEMALE+MALE	992	74	99	90.178	2	0	27	0	11	3	0	6	1	11	1	2	1	6	0	0	0	0	3	0
2435	1106	B	FEMALE+MALE	902	36	29	71.598	1	0	10	0	5	0	0	4	1	1	7	0	2	0	0	0	2	0	2	1
2439	1018	A	FEMALE+MALE	1304	67	48	94.034	4	5	14	0	8	0	0	10	1	4	6	3	3	0	0	8	0	0	1	0
2447	1138	B	FEMALE+FEMALE	1380	88	9	57.244	11	2	23	1	5	0	0	7	6	13	2	3	3	1	1	3	1	1	4	1
2453	1055	B	FEMALE+FEMALE	942	60	11	262.4	0	0	16	0	12	0	0	14	1	3	2	1	7	0	0	0	0	0	4	0
2454	1126	B	FEMALE+FEMALE	1172	49	17	108.372875	1	0	6	0	10	1	0	2	3	2	5	0	5	4	1	0	0	0	6	3
2469	1018	A	FEMALE+FEMALE	1259	46	58	231.182	3	0	14	0	2	2	0	4	3	8	1	2	2	1	0	4	0	0	0	0
2476	1018	B	FEMALE+MALE	1029	26	68	169.0795	2	0	6	1	5	0	0	5	0	2	0	0	3	1	1	0	0	0	0	0
2479	1096	B	FEMALE+FEMALE	1252	22	66	36.99	1	0	6	1	7	0	0	2	1	1	0	0	2	1	0	0	0	0	0	0
2480	1126	B	FEMALE+FEMALE	713	25	22	110.382	2	0	4	0	6	0	0	5	1	3	0	0	4	0	0	0	0	0	0	0
2486	1018	B	FEMALE+FEMALE	848	28	57	110.578	0	0	7	2	3	0	0	3	2	0	0	4	7	0	0	0	0	0	0	0
2488	1096	B	FEMALE+FEMALE	1847	84	151	69.642	5	0	21	0	12	0	0	19	9	5	0	6	4	0	1	0	2	0	0	0
2490	1106	A	FEMALE+FEMALE	930	34	66	141.43	0	0	5	0	10	0	0	7	5	3	0	0	2	2	0	0	0	0	0	0
2490	1138	B	FEMALE+FEMALE	1538	54	89	141.43	1	0	15	0	11	0	0	9	6	2	0	3	6	1	0	0	0	0	0	0
2500	1126	B	FEMALE+MALE	565	14	15	137.304	0	0	7	0	0	0	0	0	2	0	0	2	3	0	0	0	0	0	0	0
2510	1106	A	FEMALE+FEMALE	1139	44	85	140.591125	5	0	20	0	10	0	0	4	0	2	0	0	2	1	0	0	0	0	0	0
2519	1096	A	FEMALE+FEMALE	978	29	60	189.548	1	0	8	0	1	0	0	14	3	0	0	1	1	0	0	0	0	0	0	0
2525	1018	A	FEMALE+FEMALE	860	23	46	135.576	1	0	2	0	6	0	0	3	3	0	0	3	3	2	0	0	0	0	0	0
2535	1096	A	FEMALE+FEMALE	2158	85	17	9.772	2	0	29	0	13	0	0	15	6	1	1	9	6	3	0	0	0	0	0	0
2535	1126	B	FEMALE+FEMALE	665	25	18	9.772	0	0	7	1	1	0	0	4	6	1	0	1	3	1	0	0	0	0	0	0
2543	1018	B	FEMALE+FEMALE	1064	38	68	62.784	1	0	11	1	3	0	0	11	1	6	0	1	3	0	0	0	0	0	0	0
2548	1053	B	FEMALE+FEMALE	603	13	12	38.292	0	0	3	0	4	0	0	3	1	0	0	1	1	0	0	0	0	0	0	0
2548	1055	A	FEMALE+FEMALE	752	9	43	38.292	1	0	4	0	1	0	0	1	0	0	0	1	1	0	0	0	0	0	0	0
2561	1126	B	FEMALE+FEMALE	1056	33	16	37.92	0	2	11	0	6	0	0	1	0	3	0	1	6	3	0	0	0	0	0	0
2566	1106	B	FEMALE+FEMALE	1613	40	46	38.396	0	1	16	0	6	0	0	4	4	2	0	2	2	2	1	0	0	0	0	0
2572	1178	A	FEMALE+MALE	839	22	31	65.28	0	0	9	0	3	0	0	3	2	2	0	0	1	2	0	0	0	0	0	0
2584	1106	A	FEMALE+FEMALE	1048	42	82	31.784	2	0	11	0	5	0	0	4	5	3	0	1	6	0	0	0	5	0	0	0
2586	1138	B	FEMALE+MALE	1304	32	53	47.06	2	0	12	0	2	0	0	4	3	3	0	2	2	2	0	0	0	0	0	0
2587	1135	B	FEMALE+MALE	823	29	101	76.05475	2	0	4	0	6	0	0	8	0	1	0	0	4	2	0	0	2	0	0	0
2597	1055	A	FEMALE+FEMALE	358	8	22	39.888	0	0	2	0	4	0	0	0	0	1	0	0	1	0	0	0	0	0	0	0
2618	1178	A	FEMALE+MALE	1042	37	28	139.2574375	0	0	15	0	4	0	0	1	1	3	0	2	9	0	1	0	0	1	0	0
2628	1011	B	FEMALE+FEMALE	839	34	75	269.62	0	0	13	0	8	0	0	2	4	2	0	1	1	3	0	0	0	0	0	0
2640	1096	A	FEMALE+MALE	945	35	81	109.746	1	0	10	0	7	0	1	8	1	4	0	0	2	1	0	0	0	0	0	0
2648	1135	B	FEMALE+FEMALE	479	16	43	134.10225	0	0	0	0	6	0	0	4	0	1	0	0	3	2	0	0	0	0	0	0
2667	1018	A	FEMALE+FEMALE	1489	40	57	97.384	0	0	9	1	8	0	0	7	3	4	0	0	6	0	0	0	2	0	0	0
2670	1053	B	FEMALE+FEMALE	1392	45	5	104.364	0	0	11	0	10	0	0	4	1	1	1	6	3	6	1	1	0	0	0	0
2670	1178	A	FEMALE+FEMALE	710	20	14	104.364	0	0	7	0	2	0	0	4	0	4	0	0	1	2	0	0	0	0	0	0
2726	1011	B	FEMALE+FEMALE	1137	28	101	189.46775	3	0	6	0	9	0	0	2	1	2	0	3	2	0	0	0	0	0	0	0
2733	1178	A	FEMALE+MALE	524	26	8	160.55175	1	0	11	0	0	0	0	4	2	2	0	1	3	0	1	1	0	0	0	0
2738	1135	B	FEMALE+MALE	829	19	55	166.064	4	0	7	0	0	0	0	4	0	0	0	0	2	2	0	0	0	0	0	0
2740	1401	B	FEMALE+FEMALE	437	18	6	164.2856875	0	0	0	0	3	0	0	2	4	0	0	0	0	4	0	1	1	0	3	0
2758	1178	A	FEMALE+FEMALE	1007	40	25	129.88	0	0	18	0	4	0	0	4	2	1	0	3	5	3	0	0	0	0	0	0
2759	1053	B	FEMALE+MALE	673	27	19	278.8748125	1	0	2	0	6	0	0	6	5	0	0	1	3	3	0	0	0	0	0	0
2775	1254	A	FEMALE+MALE	1434	36	93	117.244	1	0	9	0	2	0	0	4	6	1	0	1	9	3	0	0	0	0	0	0
2807	1236	B	FEMALE+MALE	634	21	2	123.704375	0	0	13	0	1	0	0	2	1	2	0	0	1	1	0	0	0	0	0	0
2811	1254	A	FEMALE+MALE	1360	43	32	30.292	3	0	13	0	13	0	1	2	3	2	0	3	0	2	1	0	0	0	0	0
2815	1236	A	FEMALE+FEMALE	601	20	4	60.376	0	0	4	0	3	0	0	2	0	3	0	0	7	1	0	0	0	0	0	0
2818	1254	A	FEMALE+MALE	1250	51	81	93.192	1	0	19	1	9	0	0	1	12	1	0	1	1	4	1	0	0	0	0	0
2822	1236	B	FEMALE+MALE	536	23	8	87.328375	0	0	13	2	1	0	1	2	0	1	0	0	1	1	1	0	0	0	0	0
2832	1236	A	FEMALE+FEMALE	964	37	34	89.704	2	0	13	0	5	0	0	3	2	8	0	0	4	0	0	0	0	0	0	0
2837	1254	B	FEMALE+FEMALE	1253	55	105	64.664375	0	0	19	0	3	0	0	16	6	3	0	0	5	1	1	0	0	1	0	0
2844	1236	B	FEMALE+FEMALE	814	38	58	65.456	1	0	11	0	4	0	1	8	0	6	0	1	1	2	0	0	1	2	0	0
2853	1236	B	FEMALE+FEMALE	1067	39	13	70.3	0	0	13	0	7	0	0	6	1	2	0	1	5	4	0	0	0	0	0	0
2863	1254	A	FEMALE+FEMALE	1449	51	28	274.468	0	0	8	0	17	0	0	12	2	1	0	0	4	6	1	0	0	0	0	0
2870	1236	A	FEMALE+FEMALE	827	29	63	163.052	0	0	5	0	10	0	0	4	0	4	0	4	0	1	1	0	0	0	0	0
2875	1254	B	FEMALE+MALE	1402	35	117	112.448	2	0	13	0	6	0	0	5	1	3	0	0	3	1	1	0	0	0	0	0
2877	1259	B	FEMALE+FEMALE	677	21	46	199.112	0	0	2	0	0	0	0	5	4	5	0	2	3	0	0	0	0	0	0	0
2893	1236	B	FEMALE+MALE	1252	37	70	76.14	0	0	16	0	5	0	0	3	4	0	0	0	7	1	0	0	0	1	0	0
2911	1236	A	FEMALE+FEMALE	897	34	13	114.78	0	0	14	0	4	0	0	5	2	1	0	1	5	1	1	0	0	0	0	0
2913	1236	B	FEMALE+FEMALE	1409	48	76	99.768	0	0	17	0	13	0	0	4	1	7	0	2	3	0	0	0	1	0	0	0
2924	1236	B	FEMALE+MALE	1010	45	78	75.634625	0	0	4	0	9	0	0	13	6	2	0	2	6	3	0	0	0	0	0	0
2930	1236	B	FEMALE+FEMALE	581	22	32	39.612	0	0	14	0	0	0	0	1	2	1	0	0	2	1	0	0	1	0	0	0
2934	1259	A	FEMALE+MALE	842	20	104	121.502625	0	0	11	0	3	0	0	2	0	0	0	1	1	2	0	0	0	0	0	0
2938	1236	A	FEMALE+FEMALE	1196	31	85	59.96	2	0	9	0	3	0	0	1	0	6	0	1	8	1	0	0	0	0	0	0
2938	1259	B	FEMALE+FEMALE	1012	26	101	59.96	0	0	8	0	6	0	0	4	2	4	0	2	0	0	0	0	0	0	0	0
2953	1236	A	FEMALE+FEMALE	1096	36	81	56.446625	0	0	20	0	6	0	0	4	1	3	0	1	0	1	0	0	0	0	0	0
2960	1236	B	FEMALE+FEMALE	1207	52	68	58.34	1	0	17	0	6	0	0	9	3	8	0	1	2	2	2	0	1	0	0	0
2963	1236	B	FEMALE+MALE	676	32	39	80.302625	0	0	8	0	2	0	2	5	1	9	0	1	3	1	0	0	0	0	0	0
2968	1236	B	FEMALE+MALE	776	24	92	56.608	0	0	5	0	7	0	0	2	3	3	0	2	1	0	1	0	0	0	0	0
2969	1236	A	FEMALE+FEMALE	1067	26	53	87.190625	3	0	7	0	3	0	0	6	1	3	0	1	0	2	0	0	0	0	0	0
2979	1236	B	FEMALE+MALE	357	13	1	72.5	0	0	6	0	1	0	0	0	1	0	0	1	1	3	0	0	0	0	0	0
2987	1011	B	FEMALE+MALE	937	26	13	86.596	0	0	10	0	5	0	0	1	4	0	0	2	2	1	0	0	0	1	0	0
3010	1268	A	FEMALE+FEMALE	574	20	8	84.770625	0	0	6	0	1	0	0	2	4	2	0	2	1	1	0	0	1	0	0	0
3042	1011	B	FEMALE+FEMALE	946	28	78	87.818625	0	0	6	0	3	0	0	1	0	3	0	1	14	0	0	0	0	0	0	0
3166	1259	A	FEMALE+FEMALE	721	13	43	56.796	3	0	4	0	0	0	0	3	2	0	0	0	0	1	0	0	0	0	0	0
3188	1259	A	FEMALE+FEMALE	443	5	42	58.62	0	0	1	2	1	0	0	0	1	0	0	0	0	0	0	0	0	0	0	0
3201	1011	B	FEMALE+FEMALE	355	10	32	14.288	0	0	2	0	1	0	0	2	2	0	0	1	2	0	0	0	0	0	0	0
3201	1259	A	FEMALE+FEMALE	620	17	60	14.288	2	0	5	0	3	0	1	1	0	0	0	0	2	1	1	0	1	0	0	0
3207	1389	B	FEMALE+FEMALE	341	22	36	25.216	0	0	10	0	5	0	0	0	2	3	0	0	0	1	0	0	0	0	1	0
3225	1417	B	FEMALE+FEMALE	613	11	44	7.493	1	0	2	0	1	0	0	1	1	2	0	0	1	1	1	0	0	0	0	0
3232	1259	B	FEMALE+FEMALE	467	11	44	16.324	0	0	3	0	1	0	0	2	0	2	0	1	1	1	0	0	0	0	0	0
3266	1373	B	FEMALE+FEMALE	549	33	24	15.457	3	0	5	0	2	0	0	2	2	6	2	0	1	1	0	0	1	0	4	4
3275	1389	A	FEMALE+MALE	450	18	27	26.185	0	0	3	0	2	0	0	0	2	6	1	1	1	0	0	0	1	0	1	0
3290	1417	B	FEMALE+FEMALE	515	15	37	15.272	0	0	2	0	3	0	0	3	0	0	0	0	4	3	0	0	0	0	0	0
3311	1389	A	FEMALE+FEMALE	421	13	21	17.572	0	0	9	0	1	0	0	0	0	1	0	0	1	0	0	0	0	0	1	0
3315	1373	B	FEMALE+FEMALE	461	16	22	25.184	0	2	3	0	2	1	0	3	0	0	1	0	1	1	0	2	0	0	0	0
3333	1417	B	FEMALE+FEMALE	411	12	17	6.648	1	0	1	0	5	0	3	0	0	1	0	0	1	0	0	0	0	0	0	0
3359	1417	B	FEMALE+MALE	327	6	24	12.028	0	0	2	0	2	0	0	1	0	0	0	0	0	0	0	0	1	0	0	0
3397	1389	A	FEMALE+MALE	244	6	15	92.793	0	0	2	0	1	0	0	0	0	0	0	0	3	0	0	0	0	0	0	0
3408	1389	B	FEMALE+MALE	295	14	12	112.105	0	0	5	0	1	0	0	3	1	2	1	0	0	0	0	0	0	0	0	1
3417	1417	B	FEMALE+MALE	354	8	24	122.641	0	0	0	0	2	0	0	1	1	0	0	2	2	0	0	0	0	0	0	0
3420	1417	B	FEMALE+FEMALE	273	13	11	48.344	0	0	2	0	1	0	0	6	1	0	0	1	1	1	0	0	0	0	0	0
3421	1389	B	FEMALE+MALE	246	4	18	108.057	0	0	0	0	0	0	0	0	0	0	1	1	2	0	0	0	0	0	0	0
3448	1389	A	FEMALE+MALE	491	7	42	57.256	0	0	2	0	2	0	0	1	0	1	0	0	1	0	0	0	0	0	0	0
3497	1389	A	FEMALE+FEMALE	511	14	28	105.161	0	0	5	0	3	0	0	2	1	0	1	0	2	0	0	0	0	0	0	0
3506	1454	A	FEMALE+FEMALE	269	9	38	90.225	0	0	3	0	2	0	0	0	0	0	1	0	3	0	0	0	0	0	0	0
3509	1389	A	FEMALE+MALE	312	18	26	126.325	2	0	3	0	7	0	1	0	0	2	0	1	1	0	0	0	0	0	1	0
3514	1454	A	FEMALE+MALE	251	10	27	77.54	0	0	3	0	1	0	0	4	0	1	0	0	1	0	0	0	0	0	0	0
3523	1417	B	FEMALE+FEMALE	461	20	30	51.08	0	0	3	0	5	0	0	5	1	2	0	0	3	1	0	0	0	0	0	0
3551	1389	B	FEMALE+FEMALE	201	7	13	57.152	0	0	1	0	3	0	0	0	0	0	1	0	1	0	0	0	0	0	1	0
3682	1408	B	FEMALE+FEMALE	813	21	44	44.337	0	0	4	0	2	0	0	6	1	5	0	0	1	2	0	0	0	0	0	0
3736	1408	B	FEMALE+MALE	992	35	52	62.189	3	0	16	0	4	0	0	4	5	2	0	0	0	0	0	0	1	0	0	0
3746	1417	B	FEMALE+MALE	598	15	35	60.445	0	0	1	0	1	0	0	3	2	3	0	2	2	0	0	0	1	0	0	0
3768	1417	B	FEMALE+FEMALE	465	8	37	62.185	0	0	2	0	2	0	0	1	2	0	0	0	1	0	0	0	0	0	0	0
3777	1417	B	FEMALE+MALE	427	18	21	84.776	0	0	5	0	3	0	0	4	3	0	0	0	3	0	0	0	0	0	0	0
3902	1502	B	FEMALE+FEMALE	457	33	16	60.692	1	0	16	0	1	0	0	2	4	1	0	1	3	4	0	0	0	0	0	0
4072	1522	A	FEMALE+MALE	477	4	32	56.088	0	0	1	0	2	0	0	0	0	0	0	0	1	0	0	0	0	0	0	0
4092	1602	B	FEMALE+MALE	549	13	44	73.416	0	0	4	0	5	0	0	0	0	0	0	0	3	1	0	0	0	0	0	0
4127	1602	B	FEMALE+MALE	560	21	50	46.105	1	0	8	0	3	0	0	3	2	0	0	0	2	1	1	0	0	0	0	0
4149	1600	B	FEMALE+MALE	357	24	15	42.893	1	0	14	0	0	0	0	3	0	2	0	0	1	0	1	0	0	0	0	2
4153	1602	A	FEMALE+MALE	522	12	54	39.516	0	0	4	0	2	0	0	1	2	0	0	1	2	0	0	0	0	0	0	0
4166	1600	A	FEMALE+MALE	464	23	29	25.636	0	0	7	0	0	0	0	1	0	2	1	2	3	3	0	0	0	0	4	0
4248	1600	A	FEMALE+MALE	689	26	11	36.844	0	0	4	0	0	1	0	10	0	6	0	1	3	0	0	0	0	0	1	0
4253	1512	A	FEMALE+MALE	285	30	4	141.233	0	0	3	0	9	0	0	2	1	2	1	0	2	5	0	1	0	0	2	2
4255	1600	A	FEMALE+MALE	510	17	13	54.532	2	1	5	0	1	4	0	0	0	1	1	0	0	0	0	1	0	0	1	0
4262	1603	A	FEMALE+MALE	393	15	5	94.66	0	0	7	0	4	0	0	0	1	3	0	0	0	0	0	0	0	0	0	0
4292	1600	A	FEMALE+MALE	472	18	13	55.16	3	0	7	0	1	0	0	0	0	2	2	0	0	0	0	0	0	0	3	0
4303	1603	A	FEMALE+MALE	369	24	7	105.588	1	0	2	0	4	0	0	0	1	4	6	0	3	0	0	0	0	0	2	1
4325	1519	B	FEMALE+FEMALE	416	24	27	156.456	1	0	2	0	3	0	0	3	1	4	1	2	3	1	0	0	0	0	3	0
4346	1602	A	FEMALE+MALE	493	23	48	109.737	1	0	7	0	2	0	0	2	1	3	0	4	1	2	0	0	0	0	0	0
4642	1602	B	FEMALE+MALE	622	21	39	108.372	0	0	12	0	1	0	0	3	0	1	0	1	3	0	0	0	0	0	0	0
4667	1646	B	FEMALE+MALE	268	13	10	183.797	0	0	1	0	6	0	0	0	3	1	0	1	0	1	0	0	0	0	0	0
4801	1522	A	FEMALE+MALE	418	9	26	137.304	1	0	0	1	3	0	0	1	1	0	0	1	0	0	0	1	0	0	0	0